-0.02848888462398984
-0.02215009145793787
-0.02074812238801465
-0.037815123016152564
-0.03693958257682573
-0.04470957723710291
-0.0335599474311826
-0.03538306944161995
-0.02486350480151234
-0.03892200358738662
-0.033625605069373427
-0.03349322765300687
-0.039173631242263
-0.04070091089693182
-0.014251051753614604
-0.044010385461238005
-0.028258940828116596
-0.021994800110596485
-0.0341263873948869
-0.029079731539630956
-0.03633239606128063
-0.03371804692917157
-0.04715688294943737
-0.03613859646907385
-0.040701079300124975
-0.032392505913398525
-0.02711336517959894
-0.037892942918258884
-0.044246272961125384
-0.03748740723829672
-0.03451107094988535
-0.047993450804828745
-0.028689994447796446
-0.03154302716818465
-0.04420243742411892
-0.03628937643532133
-0.03168927471850474
-0.0221819795044106
-0.03805851981938003
-0.039324587802935594
-0.030549214097486396
-0.029370065905351836
-0.033291224216537726
-0.04251173380479976
-0.046377051018333004
-0.03342085643455612
-0.03539118433771194
-0.027651722390064776
-0.02959298941333303
-0.03196414693691793
-0.015669994527071105
-0.014397125212620166
-0.024800350248229817
-0.041780671594908364
-0.031809837713593504
-0.031498641770203506
-0.031785321843866024
-0.02899182048983252
-0.03774883866072424
-0.04480532188137635
-0.04936714577798573
-0.020363376579529198
-0.03134007866943975
-0.03019327947254788
-0.038014549321821654
-0.03593912337281425
-0.02973266982777707
-0.0327552798772503
-0.055387798198219866
-0.028045105102656863
-0.0292425910344189
-0.03717606161170939
-0.04380088112584556
-0.034079018425291645
-0.04014284650755778
-0.03785168176782861
-0.04540670575838476
-0.032618444319476934
-0.038443939651263956
-0.03659743222894488
-0.032034827318934096
-0.03561655838152607
-0.032232118946303054
-0.032222572350832354
-0.03952893366046616
-0.0308919626787971
-0.05125398853712334
-0.028010364770061684
-0.022103353585075616
-0.0391273554162217
-0.037401808648466615
-0.030148211378523568
-0.0460281253329778
-0.030607503759243333
-0.04026675641666032
-0.0344358560155537
-0.03891174994634057
-0.03401287980497608
-0.04399069859155757
-0.03998792260464225
-0.038323400027675
-0.041357110336903105
-0.034466017508823395
-0.029788658920165714
-0.02927368121707944
-0.038881514687349704
-0.037911103334428514
-0.035130607313907825
-0.04448225450442582
-0.039725971303431466
-0.03242978120922371
-0.026720939631890674
-0.03521887937411884
-0.03370482590906948
-0.03914800231680225
-0.038969574626188316
-0.03724616491169143
-0.04816841850600789
-0.042463919885168504
-0.04259088405252656
-0.029857980320787927
-0.03176946743626945
-0.034801931549097186
-0.03398864971295023
-0.0255434264083716
-0.03966019580069857
-0.034022512479672765
-0.027558521394132507
-0.04012118830277027
-0.030097990982821357
-0.05270897929988136
-0.04214182070444894
-0.04820653117493101
-0.017998210301589178
-0.02455101994065784
-0.037062905781195046
-0.02535452730582288
-0.03115540214956398
-0.028936135886017626
-0.03976756766197049
-0.02527242519990299
-0.042169643683976236
-0.03443211288101884
-0.0341596081206046
-0.04572438204000394
-0.035186036422975464
-0.049591566501390946
-0.023116638412630272
-0.03787550130247482
-0.03737791634653333
-0.03837736474140781
-0.03770643858860246
-0.03661386286396286
-0.04927153626674957
-0.03160702891025528
-0.020962383164616214
-0.027403954380157327
-0.03856847011844267
-0.03701344552441398
-0.048287730296052316
-0.015451528661466523
-0.0283795675099216
-0.03816938342175224
-0.03946609328930377
-0.03629610096479851
-0.03747360238481578
-0.046491024977175326
-0.03159205912621267
-0.05001739123265733
-0.050649184318465885
-0.03345456306332526
-0.03254005798676968
-0.03747324298148372
-0.04904200450556638
-0.02363583302966757
-0.039374388374660514
-0.027559452022606408
-0.0391919337263527
-0.04302026118341602
-0.034071328172568284
-0.04702035893973944
-0.02580217711275766
-0.03847704499281164
-0.041630940251151265
-0.03937436961487352
-0.03199592023464215
-0.019569115190346854
-0.029531805775926012
-0.02767482448302814
-0.034555272952888356
-0.04797078937525202
-0.03225341630837819
-0.039989766014668075
-0.04309438218132326
-0.040007748517495646
-0.024353318704837368
-0.037617801974932
-0.032449473341758746
-0.04838205379356153
-0.03850008453843601
-0.03770770935904867
-0.025973522749590975
-0.033843281979869036
-0.03373578689466332
-0.04992904171218754
-0.04167059405822855
-0.030861686966544715
-0.035962259124576394
-0.04194989668027558
-0.019645546909591742
-0.021604745310354247
-0.01826699209236826
-0.04419032706467402
-0.02878425991520666
-0.024984243795107604
-0.04863281535695098
-0.03167961888709364
-0.037156876044817745
-0.028014046938302152
-0.04508224130875639
-0.03207549647800732
-0.0376630288728896
-0.054652690730006226
-0.02456570915541712
-0.029409060572060976
-0.02589592040021798
-0.03876368479921457
-0.030574149476222626
-0.04342234820919265
-0.03711028022785885
-0.02705926539037498
-0.02375961148184115
-0.039801231783919803
-0.035044116610042135
-0.03965134868231987
-0.03628355099154868
-0.05200265252966889
-0.03643781677946876
-0.029559240990489795
-0.04568138867460528
-0.04052707326577755
-0.033031225332921646
-0.04656275905433696
-0.03586098410290065
-0.04696222398930314
-0.04377779205593904
-0.03311512809121432
-0.05667697822546516
-0.03525206373926002
-0.03325762387966421
-0.02805431884961115
-0.04180330921145009
-0.03293196441700616
-0.0313702984118282
-0.03987689624723551
-0.03476984610148889
-0.03161397682460481
-0.028997489726794893
-0.03159093695145249
-0.02834766492811475
-0.022326712801455605
-0.038664924400757
-0.039735567069436185
-0.02194542897447855
-0.04937263588210813
-0.03138596326563916
-0.03126872164784648
-0.038887499095000555
-0.04240922528111333
-0.023318141552244053
-0.029662885610815242
-0.052506959987438415
-0.029710626984541758
-0.021375401480369864
-0.03728074625206327
-0.04222539101366431
-0.03187737469268938
-0.0364895442587316
-0.0364211244616466
-0.037686772165673184
-0.028742397697046933
-0.03234150126995534
-0.024360475543187113
-0.03964047691899246
-0.03775640787223676
-0.03048066811153105
-0.03207195771996136
-0.027681396620668406
-0.04758102384977701
-0.03437245480555431
-0.038260845723999536
-0.03190010065689196
-0.03902134748097269
-0.03303824371913232
-0.022303543782720547
-0.04231125168976359
-0.043513384308259295
-0.03826958883441395
-0.03051483362681939
-0.03442893578042812
-0.03879665218670865
-0.03220647774364358
-0.034887407343391574
-0.018262126723270173
-0.043892180698644354
-0.035904229062549003
-0.04035418280590108
-0.04930882758374426
-0.03859438636650644
-0.03211827197468987
-0.04321448585998155
-0.040659023684511804
-0.018243428243446304
-0.027087355918292824
-0.03227055649198062
-0.037457654415922005
-0.03200744210444533
-0.048019801773150995
-0.02967078207054848
-0.04107270901779466
-0.037341996315024065
-0.02921389608994271
-0.041696388045990435
-0.03411139303072339
-0.020943669888658714
-0.030419643761901007
-0.035061838451492765
-0.026571765243963843
-0.04243170809754491
-0.03272964590282644
-0.03504085729027388
-0.04006609575362302
-0.026543839607083213
-0.0336685665242552
-0.03912299900264269
-0.02907046253557786
-0.03286393758565667
-0.03274981323682355
-0.033828563457672836
-0.05345982829351704
-0.03672779996652309
-0.02828307194355402
-0.03866086201524151
-0.03893047410578521
-0.03290425322298443
-0.046790937206872885
-0.023063391436464416
-0.026852562312538398
-0.03096597202831275
-0.03159920826913268
-0.035609847398868
-0.03649982204301238
-0.029287944766071713
-0.049464155564921244
-0.03203133909831441
-0.031134543245547798
-0.03838325508270129
-0.04500950267887912
-0.04834534667395331
-0.04188804202807161
-0.03902322107407542
-0.04136963341571373
-0.024581736799213605
-0.02782310543988333
-0.04020105140485288
-0.04510415296216179
-0.03880919013809416
-0.03659759902841262
-0.040534300663071954
-0.03437084785527894
-0.03160086730782064
-0.05107207461096488
-0.030844877713303468
-0.03559594309624397
-0.04579120144920983
-0.0353047944530034
-0.028586295731793145
-0.03581586950625526
-0.03539000978958948
-0.05489626826193121
-0.03449686644029129
-0.030816826714676646
-0.040137903820836235
-0.042661210606910055
-0.03441746837271932
-0.04531489434577457
-0.033928633640607685
-0.026994732750742528
-0.03845396043718376
-0.03014297153849034
-0.03669526075578714
-0.036182367694356336
-0.04457109731666762
-0.03262489943467977
-0.024865570382464394
-0.02531553246394934
-0.024945270303858253
-0.035077262200526434
-0.02564934324169871
-0.03821622416522833
-0.028460545595205156
-0.032414101800304206
-0.03489082246203833
-0.037070351150245075
-0.03225434911039653
-0.04009934908040592
-0.03306445192753929
-0.045572539612454416
-0.03675148529800439
-0.03871297772482039
-0.038258084925241305
-0.030966985652982462
-0.0548771512768897
-0.027023967383358355
-0.026828786427859783
-0.02395068254348861
-0.041919675585900026
-0.03744508985705483
-0.05780408395482213
-0.01845773817936736
-0.03470463835312063
-0.029010562435046034
-0.04098803285629934
-0.03682755738544651
-0.03615889942195886
-0.03169084307302796
-0.03814969761384359
0.003734909699265944
-0.0521166399047319
-0.04177258681249853
-0.020652364473557828
-0.03019759359697825
-0.046013264712535897
-0.04039736995359829
-0.03970464631041406
-0.04900392215683584
-0.04380600263967727
-0.03553203325493267
-0.024124911285916317
-0.032124621897860854
-0.04645414158583699
-0.027892834601881366
-0.03872641541015674
-0.04820291946219789
-0.04091631084343806
-0.04263268994966368
-0.040258488995440135
-0.04018172316144478
-0.04311023453279379
-0.03374338901481748
-0.020665240553176492
-0.03698608905183437
-0.04324776325674219
-0.04876551033690226
-0.04265593295965363
-0.0378154329445521
-0.038357374421050895
-0.03844886105311305
-0.031815892967774706
-0.04207542839198319
-0.03297648269817125
-0.03860250799948853
-0.045704834248612165
-0.03709392508429004
-0.040238706245717376
-0.026950634832447074
-0.04206587574881074
-0.03229499010995445
-0.04092523596414663
-0.040033365097461304
-0.050962846201520084
-0.03369235507646804
-0.03700629166225027
-0.027886497691863427
-0.04416547410429868
-0.030275574123184372
-0.04100560627036264
-0.03729167671189115
-0.06006058406161958
-0.0312101976825032
-0.033414838965712755
-0.03871358838808442
-0.03798648395146497
-0.04700507346065284
-0.05347269009978317
-0.05697499198116481
-0.03593033547772373
-0.03945973561718761
-0.04693413400309798
-0.03418883766975204
-0.04305550541351015
-0.029020299992202233
-0.04484024591348955
-0.03670361781186794
-0.05002403326270237
-0.04966855293713166
-0.03352812793459576
-0.03512062731607171
-0.02574568795666365
-0.045294968713961666
-0.03537021655757428
-0.03989376856605926
-0.04470033905240626
-0.033353921202451876
-0.035851246108285266
-0.03317330025667522
-0.021239614672720248
-0.03416340000653738
-0.04359577010500077
-0.03505335971257354
-0.041354150742291734
-0.04195823542961772
-0.04025424270382748
-0.025865617079811044
-0.029273254767916774
-0.023935188502195434
-0.0371681203283455
-0.04574320598245234
-0.04461943148208584
-0.0342115686896584
-0.03788651576261103
-0.0513262751122802
-0.03759818200787547
-0.0350842825007073
-0.039758378380141464
-0.03702766547481921
-0.03304079159685056
-0.029952320835755487
-0.03914206450143072
-0.02931355317975169
-0.031130464345027056
-0.031318772045127584
-0.044445045326944946
-0.04034454364602779
-0.030136783699307633
-0.027350262206333884
-0.052316675037920236
-0.0520408238810543
-0.034417274764026715
-0.03552910246675161
-0.03857000301458433
-0.03578119476342034
-0.03123757255331764
-0.040577027066680114
-0.05211697776959496
-0.04219032650555386
-0.03230596301381942
-0.029547686510630857
-0.040849623630258125
-0.04130992455351876
-0.03221417315010671
-0.0323414973148568
-0.03476953863139185
-0.044276411868616875
-0.03805682276997653
-0.033940085266103044
-0.03961513128339098
-0.0371109806491662
-0.04604330730816846
-0.03149789469426743
-0.043364665455457
-0.04219133594682697
-0.03244592955919692
-0.04127536406039661
-0.045376646974026213
-0.027428444464399328
-0.02488169287356865
-0.043410193893867695
-0.032705504720967025
-0.03298902688883353
-0.03738091403417972
-0.04168186476579942
-0.026016386817617945
-0.032916837863917456
-0.027530913083575463
-0.039964050190047264
-0.035561861771203115
-0.0333590005625746
-0.030388983895890034
-0.03395504796050835
-0.029378078996643374
-0.02846791464734886
-0.032369702205651885
-0.03655705960667638
-0.03910204684012289
-0.054452375426147816
-0.03920347606257788
-0.03837882603099228
-0.05430107935453516
-0.04660720676511054
-0.03418681422016912
-0.026838579562189765
-0.03588767191913765
-0.04539109727750239
-0.03961616303068446
-0.04899314757685187
-0.052284790208167065
-0.03832779457017802
-0.03402939216015846
-0.03654300680029115
-0.03542800590654457
-0.04382817379993688
-0.027675023402359243
-0.03847428903032541
-0.03417568672647735
-0.02412470855027777
-0.04042890079256398
-0.0532321753212158
-0.026927460163461536
-0.04653265723532399
-0.03285246088810883
-0.04388961890878475
-0.048038898227691855
-0.03422818255247936
-0.02603169267838824
-0.031402733742131955
-0.04095652674602876
-0.037981330637575354
-0.03324941193043011
-0.028441613877323794
-0.04094732832786142
-0.0378602586721078
-0.03306464526418891
-0.029932844573527278
-0.051604607274372195
-0.03658327194173957
-0.032448433284528205
-0.03894158590448192
-0.03505654079121028
-0.05409396989317702
-0.04639302744930682
-0.02918644325238554
-0.030504170079198492
-0.026504292468825574
-0.024380094074693704
-0.04243967990020125
-0.020438013220025912
-0.027688657018618876
-0.027660377239593435
-0.05015391374770036
-0.02973147988983343
-0.036831492331815416
-0.045052980890753866
-0.034559094591149295
-0.0302858976982899
-0.03603683343713845
-0.03976780677600799
-0.051410510775629074
-0.03083429640031815
-0.039065161139945286
-0.03783186789380987
-0.04601684512607526
-0.026563385169269135
-0.0405828077451723
-0.039795290008023454
-0.030799269481880106
-0.048437168422644
-0.034522753149719435
-0.049165057392985774
-0.028974590542119535
-0.040173257169927756
-0.03542115596963875
-0.03114965080087843
-0.04139231344084702
-0.04760313909013305
-0.05249193497209463
-0.033227156574143386
-0.01956068605869994
-0.03873913644835551
-0.04310093947993845
-0.0338401470446289
-0.03860388066840418
-0.04165935301576053
-0.023639409961775805
-0.03744527140496818
-0.04849953247273067
-0.03763850650259493
-0.030721877164403024
-0.033570851995435386
-0.03145254469487526
-0.01840729323971069
-0.026714131245750963
-0.02802866171886542
-0.05010019690507903
-0.041210997443535485
-0.04442877534411559
-0.03237432463772776
-0.038709722875602384
-0.04168626622599933
-0.036692125137446706
-0.03537058805200287
-0.03482202542852424
-0.03130793628331565
-0.028039334191025216
-0.024314516563245344
-0.0460458983960763
-0.049506676965422304
-0.04225760514756646
-0.04129331934555208
-0.02525362446505852
-0.03660142285853657
-0.037251722497518645
-0.029899846957294057
-0.03938381239494219
-0.03210554862621275
-0.034418478620140316
-0.0418807273820675
-0.04528341168367847
-0.03898514958086909
-0.02621543818514664
-0.05011257819997855
-0.043992000240933186
-0.039315694617595896
-0.04136739652180353
-0.04264112052482962
-0.02965142756964322
-0.026613386401086032
-0.03790716900603644
-0.04166570496572909
-0.04564169848012436
-0.05500694670703293
-0.031951611036438884
-0.03222891039855966
-0.0298828522693941
-0.04618246469780528
-0.029618839390853673
-0.05031337657182444
-0.033227689404543966
-0.04859603545181673
-0.027778876230874293
-0.038066871766240164
-0.03806121554713249
-0.047415581478141414
-0.04269312447217929
-0.030823955498762483
-0.03232402622403555
-0.035940052431898066
-0.042089036774614084
-0.035681075672424845
-0.05158387010518494
-0.060192860618344154
-0.03734483185480242
-0.034213860003683795
-0.03594972329069292
-0.03338087977449641
-0.04508301517433737
-0.042219396679584006
-0.03305146093092466
-0.027132715121035992
-0.046989025268862915
-0.03648121147297379
-0.026808917240794004
-0.028594779393723097
-0.03300722776461839
-0.03699858167405118
-0.03544939377732637
-0.04067942272254395
-0.046985372766065084
-0.036163397139473814
-0.047006374609677756
-0.040578085263211106
-0.04942361907084543
-0.03671309140850865
-0.03425303171052428
-0.03454405189200322
-0.03212402118839024
-0.0486066310739471
-0.04099711449345351
-0.05222774219733326
-0.03999462136765224
-0.043592839079198815
-0.037923185045163905
-0.0425758401581343
-0.022709421635322375
-0.0314771377070471
-0.04336776939944306
-0.032072003306341856
-0.04211359678145976
-0.03683699309756843
-0.03472201945623899
-0.04852589485765239
-0.0464813979356909
-0.051968020793897764
-0.02729894338290345
-0.053439181033548326
-0.041839890573524864
-0.03329899100701261
-0.03644098097854911
-0.046120248492173624
-0.02896461820598235
-0.02620521480793939
-0.044835397658972584
-0.02618918878457115
-0.029127594311505665
-0.03641355598736707
-0.03395212787931854
-0.039914170480112074
-0.015905300193625266
-0.03926131159803109
-0.03669075318285059
-0.027130792081653005
-0.026937890149587206
-0.034340108596436145
-0.02855634072136807
-0.03479292709001193
-0.03032351929873321
-0.02547337940595043
-0.04378761998676725
-0.036090048795943235
-0.045038631893249574
-0.046755609646749366
-0.027639436941191052
-0.03290514680254075
-0.04225105385802676
-0.039752813975142444
-0.04790301458546956
-0.03632217546972058
-0.03914017749402542
-0.03714156015002919
-0.045424209690563294
-0.03989844513730891
-0.03903136481339475
-0.039619140244754915
-0.03745346537012425
-0.03580015868894182
-0.02324653231935188
-0.05983783676027828
-0.0333919466105254
-0.030584098776851257
-0.04201005941704081
-0.0451534513353087
-0.03498213232601764
-0.031831853195749264
-0.033125277969099025
-0.0537241244156624
-0.029498612824225365
-0.041625586289268095
-0.043868783897318624
-0.0488676928153257
-0.03263686214268631
-0.022489952902474214
-0.03961926122080483
-0.04509862424123301
-0.03524096540927874
-0.049167905137320285
-0.030399755936532522
-0.038267582227414096
-0.03016408697579765
-0.033747001870432385
-0.032177287390385376
-0.030360744491261152
-0.030211177173255513
-0.03150031929897203
-0.0279925174440135
-0.04545483300825762
-0.045882421772583
-0.03724630799592127
-0.020664279123305446
-0.04123893703877019
-0.038120136555882554
-0.026838986807194497
-0.036616194918907226
-0.03768785903947974
-0.04691985388941788
-0.04062454405898555
-0.04339426766491275
-0.03347883226708776
-0.04108556772435992
-0.042556261406204124
-0.022559116250957887
-0.025415075034729
-0.03817120382676267
-0.03171106215406495
-0.028901973907847538
-0.03857929193279812
-0.0331977399191803
-0.044491192382517336
-0.0425817746856725
-0.027749425458491135
-0.03272731458153889
-0.039722388722780014
-0.03657468813081144
-0.03185694120021258
-0.0338424232334205
-0.023112638653351787
-0.03600246389553498
-0.03842503843454271
-0.029683845224596182
-0.036106528561024274
-0.020078593852083354
-0.03327588607407167
-0.038094668483385115
-0.03961325743991488
-0.040013560015122705
-0.02856877957728536
-0.038941871228626045
-0.04450142326080835
-0.03916644127592846
-0.04698302961761248
-0.04563735365314214
-0.03894883841211422
-0.040004923395084456
-0.027256078583495522
-0.03173717888392664
-0.045059350414079505
-0.040028997906895306
-0.04679099225742054
-0.0384994384865684
-0.03754118022366358
-0.03896800077577133
-0.025292059875733606
-0.034318279665628774
-0.038836073757961644
-0.036990271265635144
-0.041836950422743
-0.043245638219808216
-0.03425782280439765
-0.03550819243720767
-0.04381511102402053
-0.03665574696773714
-0.025175368992978245
-0.03413817286196795
-0.02559104351250918
-0.030674923430889935
-0.03038150781030628
-0.0460373788060566
-0.03157607232079816
-0.035016777394521546
-0.03990977723689662
-0.03941073388303313
-0.028999955367153756
-0.046359609288467496
-0.027563926579809342
-0.044764187505715015
-0.041816952023200335
-0.04234049977498494
-0.01550855374643681
-0.03323172647046792
-0.02032589881473603
-0.04233088200706407
-0.0495652952793174
-0.0533183316029276
-0.05019992831543529
-0.04070778628079985
-0.04176885242893029
-0.035464239472248006
-0.02937128622892467
-0.020649578069082044
-0.049073818333077106
-0.034860305332756684
-0.03538114869679717
-0.04053575578866572
-0.03744868007211035
-0.04486112696736231
-0.04603700672451074
-0.03700770848241143
-0.03841365330943301
-0.04076736742145368
-0.02510513768280819
-0.02785301219863025
-0.03168170619744722
-0.04685758862938212
-0.029970609681400338
-0.031827324186824366
-0.03427676002421867
-0.03622109724948694
-0.029623227830973736
-0.032665909263329504
-0.03356752078608876
-0.03690442032210112
-0.029930318969870383
-0.042757047539692214
-0.046050091428572866
-0.040840241579065295
-0.029735155969586886
-0.029008472697125313
-0.03146424748946452
-0.02103486989613765
-0.03211013034922025
-0.04305390379112309
-0.029588579700177354
-0.03260296064391282
-0.03168856019970824
-0.04810695028751713
-0.06050404767614106
-0.04139444710142041
-0.024656211200761204
-0.033340758383256903
-0.034701680124560645
-0.0441635076325654
-0.023534506801778734
-0.046697278355709956
-0.03362994387321756
-0.033921243490787935
-0.03316534733971934
-0.04154564063354358
-0.03332188696773275
-0.03545342260151814
-0.028098158033046175
-0.049536991610716195
